%YAML:1.0
---
depthShift: -3.0876622071229505e+01
