%YAML:1.0
---
cameraMatrix: !!opencv-matrix
   rows: 3
   cols: 3
   dt: d
   data: [ 3.6280464545229677e+02, 0., 2.5268002544324159e+02, 0.,
       3.6173429256506722e+02, 2.1014150836204183e+02, 0., 0., 1. ]
distortionCoefficients: !!opencv-matrix
   rows: 1
   cols: 5
   dt: d
   data: [ 9.9434325361282466e-02, -2.8745169721732927e-01,
       5.8084671650590113e-05, -7.3876573190656948e-05,
       1.0823570924157024e-01 ]
rotation: !!opencv-matrix
   rows: 3
   cols: 3
   dt: d
   data: [ 1., 0., 0., 0., 1., 0., 0., 0., 1. ]
projection: !!opencv-matrix
   rows: 4
   cols: 4
   dt: d
   data: [ 3.6280464545229677e+02, 0., 2.5268002544324159e+02, 0., 0.,
       3.6173429256506722e+02, 2.1014150836204183e+02, 0., 0., 0., 1.,
       0., 0., 0., 0., 1. ]
