%YAML:1.0
---
rotation: !!opencv-matrix
   rows: 3
   cols: 3
   dt: d
   data: [ 9.9997980333239389e-01, 5.1318995392582306e-03,
       -3.7492045057357158e-03, -5.0934273648630107e-03,
       9.9993500741175945e-01, 1.0199899515360282e-02,
       3.8013056948543989e-03, -1.0180597210554173e-02,
       9.9994095101433400e-01 ]
translation: !!opencv-matrix
   rows: 3
   cols: 1
   dt: d
   data: [ -5.4914497306415962e-02, 3.0818607489688800e-03,
       -1.1636800316657012e-02 ]
essential: !!opencv-matrix
   rows: 3
   cols: 3
   dt: d
   data: [ -4.7556102356503729e-05, 1.1604668827941325e-02,
       3.2003729621279038e-03, -1.1427818500728073e-02,
       -6.1878126828017520e-04, 5.4954883405231213e-02,
       -2.8020955023435297e-03, -5.4926744070861781e-02,
       -5.4856782825588154e-04 ]
fundamental: !!opencv-matrix
   rows: 3
   cols: 3
   dt: d
   data: [ -2.9916896744543809e-08, 7.3219405404550018e-06,
       -8.0064561713723238e-04, -7.1920829723364447e-06,
       -3.9058150126183481e-07, 1.4447256796983303e-02,
       2.0288021144195013e-03, -4.3073539668196360e-02, 1. ]
