%YAML:1.0
---
cameraMatrix: !!opencv-matrix
   rows: 3
   cols: 3
   dt: d
   data: [ 1.0443786096627041e+03, 0., 9.6808125974199572e+02, 0.,
       1.0439432795194120e+03, 5.3403570702561194e+02, 0., 0., 1. ]
distortionCoefficients: !!opencv-matrix
   rows: 1
   cols: 5
   dt: d
   data: [ 6.1301891429348380e-02, -8.4434959446131941e-02,
       -1.1584261635784038e-03, -1.1606096007645518e-03,
       2.9277235873051460e-02 ]
rotation: !!opencv-matrix
   rows: 3
   cols: 3
   dt: d
   data: [ 1., 0., 0., 0., 1., 0., 0., 0., 1. ]
projection: !!opencv-matrix
   rows: 4
   cols: 4
   dt: d
   data: [ 1.0443786096627041e+03, 0., 9.6808125974199572e+02, 0., 0.,
       1.0439432795194120e+03, 5.3403570702561194e+02, 0., 0., 0., 1.,
       0., 0., 0., 0., 1. ]
