%YAML:1.0
---
cameraMatrix: !!opencv-matrix
   rows: 3
   cols: 3
   dt: d
   data: [ 1.0675863539503421e+03, 0., 9.1982111271565077e+02, 0.,
       1.0684043311069370e+03, 5.4826004761441709e+02, 0., 0., 1. ]
distortionCoefficients: !!opencv-matrix
   rows: 1
   cols: 5
   dt: d
   data: [ 7.5662063783405231e-02, -1.3736343929351388e-01,
       3.0494930904763329e-03, -3.6298885159479657e-03,
       6.2224417078839765e-02 ]
rotation: !!opencv-matrix
   rows: 3
   cols: 3
   dt: d
   data: [ 1., 0., 0., 0., 1., 0., 0., 0., 1. ]
projection: !!opencv-matrix
   rows: 4
   cols: 4
   dt: d
   data: [ 1.0675863539503421e+03, 0., 9.1982111271565077e+02, 0., 0.,
       1.0684043311069370e+03, 5.4826004761441709e+02, 0., 0., 0., 1.,
       0., 0., 0., 0., 1. ]
