%YAML:1.0
---
depthShift: 5.5386710557338894e+00
