%YAML:1.0
---
cameraMatrix: !!opencv-matrix
   rows: 3
   cols: 3
   dt: d
   data: [ 3.6856306042595736e+02, 0., 2.5576726025222197e+02, 0.,
       3.6694867289031299e+02, 2.1106422399253924e+02, 0., 0., 1. ]
distortionCoefficients: !!opencv-matrix
   rows: 1
   cols: 5
   dt: d
   data: [ 1.0754343322194310e-01, -2.9127314216827765e-01,
       1.3437599212042216e-03, -5.3593901700893455e-04,
       9.2895748725256980e-02 ]
rotation: !!opencv-matrix
   rows: 3
   cols: 3
   dt: d
   data: [ 1., 0., 0., 0., 1., 0., 0., 0., 1. ]
projection: !!opencv-matrix
   rows: 4
   cols: 4
   dt: d
   data: [ 3.6856306042595736e+02, 0., 2.5576726025222197e+02, 0., 0.,
       3.6694867289031299e+02, 2.1106422399253924e+02, 0., 0., 0., 1.,
       0., 0., 0., 0., 1. ]
