%YAML:1.0
---
rotation: !!opencv-matrix
   rows: 3
   cols: 3
   dt: d
   data: [ 9.9986075286332643e-01, -3.2851833053423730e-03,
       1.6361004071645913e-02, 3.4889978004838860e-03,
       9.9991647828633701e-01, -1.2444410222973913e-02,
       -1.6318755403839261e-02, 1.2499760881702449e-02,
       9.9978870477714943e-01 ]
translation: !!opencv-matrix
   rows: 3
   cols: 1
   dt: d
   data: [ -5.1286569329528880e-02, -1.2163678552558350e-03,
       -3.2905592518544073e-02 ]
essential: !!opencv-matrix
   rows: 3
   cols: 3
   dt: d
   data: [ 1.3465714943183181e-04, 3.2887639879732943e-02,
       -1.6256015344695742e-03, -3.3737943489395947e-02,
       7.4917075625628563e-04, 5.0737364189257339e-02,
       1.0372597519297583e-03, -5.1286281778741824e-02,
       6.5813210709810954e-04 ]
fundamental: !!opencv-matrix
   rows: 3
   cols: 3
   dt: d
   data: [ 3.6456075662081245e-08, 8.9429271448155688e-06,
       -2.0590620587627698e-03, -9.1269670110838485e-06,
       2.0356128086061500e-07, 7.3502156792688792e-03,
       5.2702178943114198e-03, -2.3226006876937124e-02, 1. ]
