%YAML:1.0
---
cameraMatrix: !!opencv-matrix
   rows: 3
   cols: 3
   dt: d
   data: [ 3.6377790537652174e+02, 0., 2.5542093286314548e+02, 0.,
       3.6329321184036922e+02, 2.0633109786582034e+02, 0., 0., 1. ]
distortionCoefficients: !!opencv-matrix
   rows: 1
   cols: 5
   dt: d
   data: [ 6.7302728630070682e-02, -2.4014752258742900e-01,
       -8.8854203979472164e-04, -2.1285404175639309e-03,
       7.9739798676788057e-02 ]
rotation: !!opencv-matrix
   rows: 3
   cols: 3
   dt: d
   data: [ 1., 0., 0., 0., 1., 0., 0., 0., 1. ]
projection: !!opencv-matrix
   rows: 4
   cols: 4
   dt: d
   data: [ 3.6377790537652174e+02, 0., 2.5542093286314548e+02, 0., 0.,
       3.6329321184036922e+02, 2.0633109786582034e+02, 0., 0., 0., 1.,
       0., 0., 0., 0., 1. ]
