%YAML:1.0
---
depthShift: -4.5748370243497547e+01
