%YAML:1.0
---
cameraMatrix: !!opencv-matrix
   rows: 3
   cols: 3
   dt: d
   data: [ 1.0674199516655649e+03, 0., 9.3488493171485709e+02, 0.,
       1.0634915569113880e+03, 5.4361033563003730e+02, 0., 0., 1. ]
distortionCoefficients: !!opencv-matrix
   rows: 1
   cols: 5
   dt: d
   data: [ 6.5830278490620633e-02, -1.2651934805009957e-01,
       3.2826415219261228e-03, 3.0005854471967732e-04,
       5.6180056687189103e-02 ]
rotation: !!opencv-matrix
   rows: 3
   cols: 3
   dt: d
   data: [ 1., 0., 0., 0., 1., 0., 0., 0., 1. ]
projection: !!opencv-matrix
   rows: 4
   cols: 4
   dt: d
   data: [ 1.0674199516655649e+03, 0., 9.3488493171485709e+02, 0., 0.,
       1.0634915569113880e+03, 5.4361033563003730e+02, 0., 0., 0., 1.,
       0., 0., 0., 0., 1. ]
