%YAML:1.0
---
rotation: !!opencv-matrix
   rows: 3
   cols: 3
   dt: d
   data: [ 9.9989100045084245e-01, -1.4109657550929378e-02,
       4.3479628803408544e-03, 1.4211228731761666e-02,
       9.9960394961865295e-01, -2.4289604457938024e-02,
       -4.0035228670349844e-03, 2.4348746797012624e-02,
       9.9969550880959157e-01 ]
translation: !!opencv-matrix
   rows: 3
   cols: 1
   dt: d
   data: [ -5.0790457948832579e-02, -1.8019432763338649e-03,
       -9.6256456544721661e-03 ]
essential: !!opencv-matrix
   rows: 3
   cols: 3
   dt: d
   data: [ 1.4400637319849423e-04, 9.5779583532619676e-03,
       -2.0351977260800046e-03, -9.8279372232608075e-03,
       1.3724985641916352e-03, 5.0733140751825390e-02,
       1.0799520500273548e-03, -5.0795767171148420e-02,
       1.2415149162926570e-03 ]
fundamental: !!opencv-matrix
   rows: 3
   cols: 3
   dt: d
   data: [ 7.6845217600310981e-08, 5.1414661741231249e-06,
       -1.4755584927747722e-03, -5.2394987094344761e-06,
       7.3606839315440706e-07, 1.0986458162603217e-02,
       3.6069377786466530e-03, -3.4072672004402636e-02, 1. ]
