%YAML:1.0
---
cameraMatrix: !!opencv-matrix
   rows: 3
   cols: 3
   dt: d
   data: [ 3.6280536348350950e+02, 0., 2.5302314030064232e+02, 0.,
       3.6065735396178007e+02, 2.0657481807854296e+02, 0., 0., 1. ]
distortionCoefficients: !!opencv-matrix
   rows: 1
   cols: 5
   dt: d
   data: [ 9.2406433808354407e-02, -2.8590122121895561e-01,
       4.3780835924760744e-04, 8.9562348492245659e-04,
       1.1026590702634001e-01 ]
rotation: !!opencv-matrix
   rows: 3
   cols: 3
   dt: d
   data: [ 1., 0., 0., 0., 1., 0., 0., 0., 1. ]
projection: !!opencv-matrix
   rows: 4
   cols: 4
   dt: d
   data: [ 3.6280536348350950e+02, 0., 2.5302314030064232e+02, 0., 0.,
       3.6065735396178007e+02, 2.0657481807854296e+02, 0., 0., 0., 1.,
       0., 0., 0., 0., 1. ]
