%YAML:1.0
---
depthShift: -3.0639967940829280e+01
