%YAML:1.0
---
cameraMatrix: !!opencv-matrix
   rows: 3
   cols: 3
   dt: d
   data: [ 1.0573624896320644e+03, 0., 9.3554536659183771e+02, 0.,
       1.0583557349485509e+03, 5.8583555058347338e+02, 0., 0., 1. ]
distortionCoefficients: !!opencv-matrix
   rows: 1
   cols: 5
   dt: d
   data: [ 7.5654378536937836e-02, -1.3676603995331135e-01,
       4.8729498281295551e-03, 7.9704714267786432e-05,
       6.0209066305465207e-02 ]
rotation: !!opencv-matrix
   rows: 3
   cols: 3
   dt: d
   data: [ 1., 0., 0., 0., 1., 0., 0., 0., 1. ]
projection: !!opencv-matrix
   rows: 4
   cols: 4
   dt: d
   data: [ 1.0573624896320644e+03, 0., 9.3554536659183771e+02, 0., 0.,
       1.0583557349485509e+03, 5.8583555058347338e+02, 0., 0., 0., 1.,
       0., 0., 0., 0., 1. ]
