%YAML:1.0
---
cameraMatrix: !!opencv-matrix
   rows: 3
   cols: 3
   dt: d
   data: [ 1.0596487992835741e+03, 0., 9.8014078891043346e+02, 0.,
       1.0621337090107238e+03, 5.3869125169196434e+02, 0., 0., 1. ]
distortionCoefficients: !!opencv-matrix
   rows: 1
   cols: 5
   dt: d
   data: [ 7.8568290729522275e-02, -1.3956109520684992e-01,
       -8.2181793571460310e-04, -3.5956018833314897e-04,
       6.1848195559887381e-02 ]
rotation: !!opencv-matrix
   rows: 3
   cols: 3
   dt: d
   data: [ 1., 0., 0., 0., 1., 0., 0., 0., 1. ]
projection: !!opencv-matrix
   rows: 4
   cols: 4
   dt: d
   data: [ 1.0596487992835741e+03, 0., 9.8014078891043346e+02, 0., 0.,
       1.0621337090107238e+03, 5.3869125169196434e+02, 0., 0., 0., 1.,
       0., 0., 0., 0., 1. ]
