%YAML:1.0
---
rotation: !!opencv-matrix
   rows: 3
   cols: 3
   dt: d
   data: [ 9.9999251082496332e-01, 3.7162046593148946e-03,
       -1.0807945761415415e-03, -3.7165776018200981e-03,
       9.9999303458756972e-01, -3.4325977509944535e-04,
       1.0795114243859925e-03, 3.4727406128074329e-04,
       9.9999935702769882e-01 ]
translation: !!opencv-matrix
   rows: 3
   cols: 1
   dt: d
   data: [ -5.2626939565533076e-02, -3.0441527063991124e-04,
       -6.2230346837322112e-03 ]
essential: !!opencv-matrix
   rows: 3
   cols: 3
   dt: d
   data: [ -2.3457011083322092e-05, 6.2228856222017199e-03,
       -3.0655119239529817e-04, -6.1661766958447410e-03,
       -4.8500994510649261e-06, 5.2633631550001961e-02,
       5.0000509566226574e-04, -5.2625441727746941e-02,
       1.7735701066034712e-05 ]
fundamental: !!opencv-matrix
   rows: 3
   cols: 3
   dt: d
   data: [ -1.4216384575292320e-08, 3.7687656846546691e-06,
       -8.4099736758214247e-04, -3.7283374553824764e-06,
       -2.9304932151278178e-09, 1.2462021927465330e-02,
       2.3434661194388562e-03, -3.7464983288698905e-02, 1. ]
