%YAML:1.0
---
depthShift: -4.2309659099052112e+01
