%YAML:1.0
---
depthShift: -3.2652782774174952e+01

