%YAML:1.0
---
cameraMatrix: !!opencv-matrix
   rows: 3
   cols: 3
   dt: d
   data: [ 1.0493454272102126e+03, 0., 9.5665848147459860e+02, 0.,
       1.0499647496527580e+03, 5.4076748139980248e+02, 0., 0., 1. ]
distortionCoefficients: !!opencv-matrix
   rows: 1
   cols: 5
   dt: d
   data: [ 5.6089055859157980e-02, -8.1401382969681205e-02,
       2.9628250153922371e-03, -1.4886880035648970e-03,
       2.8661117551294007e-02 ]
rotation: !!opencv-matrix
   rows: 3
   cols: 3
   dt: d
   data: [ 1., 0., 0., 0., 1., 0., 0., 0., 1. ]
projection: !!opencv-matrix
   rows: 4
   cols: 4
   dt: d
   data: [ 1.0493454272102126e+03, 0., 9.5665848147459860e+02, 0., 0.,
       1.0499647496527580e+03, 5.4076748139980248e+02, 0., 0., 0., 1.,
       0., 0., 0., 0., 1. ]

