%YAML:1.0
---
cameraMatrix: !!opencv-matrix
   rows: 3
   cols: 3
   dt: d
   data: [ 3.6394513076420037e+02, 0., 2.5155740720687450e+02, 0.,
       3.6559470029048663e+02, 2.0998192959967986e+02, 0., 0., 1. ]
distortionCoefficients: !!opencv-matrix
   rows: 1
   cols: 5
   dt: d
   data: [ 9.1174309597025410e-02, -2.6941213136112041e-01,
       7.2116381884312518e-04, 1.1212170331695722e-03,
       9.1851349836308563e-02 ]
rotation: !!opencv-matrix
   rows: 3
   cols: 3
   dt: d
   data: [ 1., 0., 0., 0., 1., 0., 0., 0., 1. ]
projection: !!opencv-matrix
   rows: 4
   cols: 4
   dt: d
   data: [ 3.6394513076420037e+02, 0., 2.5155740720687450e+02, 0., 0.,
       3.6559470029048663e+02, 2.0998192959967986e+02, 0., 0., 0., 1.,
       0., 0., 0., 0., 1. ]

