%YAML:1.0
---
rotation: !!opencv-matrix
   rows: 3
   cols: 3
   dt: d
   data: [ 9.9992121147426938e-01, -1.1722828080692317e-02,
       4.4884457911360011e-03, 1.1718612167502201e-02,
       9.9993086961018518e-01, 9.6443220947493901e-04,
       -4.4994413761159473e-03, -9.1175786782183655e-04,
       9.9998946180691994e-01 ]
translation: !!opencv-matrix
   rows: 3
   cols: 1
   dt: d
   data: [ -5.1438931717738473e-02, -5.8769212032667680e-04,
       -1.5249814195523528e-02 ]
essential: !!opencv-matrix
   rows: 3
   cols: 3
   dt: d
   data: [ 1.8135094442642497e-04, 1.5249295802838153e-02,
       -5.7297851511497013e-04, -1.5480059142859392e-02,
       1.3187109937062524e-04, 5.1369941680002695e-02,
       -1.5147074179872174e-05, -5.1442265138028131e-02,
       -4.6971538345604967e-05 ]
fundamental: !!opencv-matrix
   rows: 3
   cols: 3
   dt: d
   data: [ 7.6561895275210504e-08, 6.4088287182829180e-06,
       -1.4530353117234497e-03, -6.5314442660898474e-06,
       5.5388838519332823e-08, 9.5196694134918360e-03,
       3.4520388078808787e-03, -2.8847509397117645e-02, 1. ]

