%YAML:1.0
---
rotation: !!opencv-matrix
   rows: 3
   cols: 3
   dt: d
   data: [ 9.9998473999369419e-01, 1.1038308814524530e-03,
       5.4130709517844714e-03, -1.3492244982271251e-03,
       9.9896153695024603e-01, 4.5541489734700236e-02,
       -5.3571795748588360e-03, -4.5548098219218500e-02,
       9.9894778210655999e-01 ]
translation: !!opencv-matrix
   rows: 3
   cols: 1
   dt: d
   data: [ -4.7516029616898312e-02, -1.6034443840235310e-01,
       -2.0844431990744283e-01 ]
essential: !!opencv-matrix
   rows: 3
   cols: 3
   dt: d
   data: [ 5.7775576741588290e-04, 2.1553124241254365e-01,
       -1.5068285625983119e-01, -2.0869569094914867e-01,
       -2.3943520613549690e-03, 4.6337708507154740e-02,
       1.6040610133642957e-01, -4.7289692833092485e-02,
       -1.2959949532357147e-03 ]
fundamental: !!opencv-matrix
   rows: 3
   cols: 3
   dt: d
   data: [ 2.3435632664870410e-08, 8.4329224232640243e-06,
       -4.1059845027810286e-03, -8.4439952756147908e-06,
       -9.3445413119848958e-08, 2.8744857322408309e-03,
       1.1558626054149217e-02, -1.0026579529730614e-02, 1. ]
