%YAML:1.0
---
cameraMatrix: !!opencv-matrix
   rows: 3
   cols: 3
   dt: d
   data: [ 1.0557832957149228e+03, 0., 9.6351417125822456e+02, 0.,
       1.0584556841331059e+03, 5.5798944039075252e+02, 0., 0., 1. ]
distortionCoefficients: !!opencv-matrix
   rows: 1
   cols: 5
   dt: d
   data: [ 7.8221264274970004e-02, -1.6150172570794749e-01,
       -3.6047725306372642e-03, -2.3090747415336352e-03,
       7.7900248998845206e-02 ]
rotation: !!opencv-matrix
   rows: 3
   cols: 3
   dt: d
   data: [ 1., 0., 0., 0., 1., 0., 0., 0., 1. ]
projection: !!opencv-matrix
   rows: 4
   cols: 4
   dt: d
   data: [ 1.0557832957149228e+03, 0., 9.6351417125822456e+02, 0., 0.,
       1.0584556841331059e+03, 5.5798944039075252e+02, 0., 0., 0., 1.,
       0., 0., 0., 0., 1. ]
