%YAML:1.0
---
cameraMatrix: !!opencv-matrix
   rows: 3
   cols: 3
   dt: d
   data: [ 3.8585295046988438e+02, 0., 2.5245936588434549e+02, 0.,
       4.0002427371515648e+02, 2.0653157171600145e+02, 0., 0., 1. ]
distortionCoefficients: !!opencv-matrix
   rows: 1
   cols: 5
   dt: d
   data: [ 8.0919846699892550e-02, -3.1510511700622823e-01,
       5.1653102649267327e-04, -2.7243148879892887e-03,
       1.2357931884741667e-01 ]
rotation: !!opencv-matrix
   rows: 3
   cols: 3
   dt: d
   data: [ 1., 0., 0., 0., 1., 0., 0., 0., 1. ]
projection: !!opencv-matrix
   rows: 4
   cols: 4
   dt: d
   data: [ 3.8585295046988438e+02, 0., 2.5245936588434549e+02, 0., 0.,
       4.0002427371515648e+02, 2.0653157171600145e+02, 0., 0., 0., 1.,
       0., 0., 0., 0., 1. ]
