%YAML:1.0
---
depthShift: 4.6956699114423216e+01
